105662291
108253780
101251509
101211972
107123359
103970711
100827897
101571673
135036052
100715695
100079668
103897194
100373443
109033568
501869916
113199213
119189521
104978434
101253770
101917862
100563031
101732264
100172383
110698598
106481050
100216452
101090746
101882208
121032810
112905582
107835376
102524394
108425470
100072553
103145115
104914936
106164238
102201615
108967556
127482544
102997173
133063223
104807137
100102757
104968666
141065337
128719943
101466767
101011529
104421900
103335941
100364803
110492618
108170675
110388308
